         129          27         159          11          18         103         140         262         459         472         278         475         367         421         364         557         366         213         163          86         155          85          93         219         354
         306         358         214         278          62         157         312         385         551         692         524         395         565         504         566         729         438         380         346         100          26         164         186         167         108
         119         348         386         389         331         390         408         427         448         485         529         530         591         723         590         791         728         623         435          88         112         107         313          82         126
         237         204         367         345         307         282         412         534         310         361         404         441         385         489         607         700         599         429         453         257          12         154         158         299         180
         363         243         276         188         187         312         277         572         441         294         173         123         347         369         441         523         510         495         393         134         188          54         196         103         111
         483         210         108         168         361         404         390         421         427         309         328         265         192         341         331         458         343         474         255         371         306          35          42          72          64
         521         256         273         414         578         484         538         635         349         405         448         267         331         399         402         492         610         485         170         202         112          28          35          74          96
         391         234         229         475         565         629         764         659         365         289         305         314         313         398         455         645         489         349         448         256          24         208         255         270          34
         325         217         342         385         366         601         738         768         688         383         466         348         141         158         313         620         471         435         640         435         380         397         299         192         181
         498         531         538         556         272         261         455         648         708         547         616         589         297         220         368         419         283         338         498         455         264         363         342          95         144
         501         437         588         429         218          74         344         640         738         740         798         741         514         389         551         443         523         360         544         351         212         149         329         367         275
         542         584         645         692         625         409         380         450         766         787         628         862         537         353         619         423         554         568         630         676         503         476         283         396         413
         655         469         439         575         423         581         542         385         486         792         537         673         482         289         555         372         627         513         627         523         385         422         454         547         652
         459         457         275         305         339         287         464         383         280         433         615         585         613         624         676         510         670         632         587         501         374         547         327         392         655
         489         446         538         425         418         533         696         381         343         487         696         652         606         686         557         635         761         755         480         510         368         597         452         417         695
         384         413         572         687         592         731         542         602         593         571         543         539         506         778         629         589         860         744         654         733         452         653         506         362         522
         450         442         685         790         765         819         517         593         473         538         417         295         304         423         625         416         504         699         524         631         650         704         668         570         565
         507         530         780         906         871         944         700         814         784         670         349         448         229         182         321         358         627         673         722         712         849         922         787         710         596
         560         410         417         838         882         958         837         875         708         763         363         283         133         223         205          85         248         454         691         522         617         690         741         538         620
         554         534         321         660         795         890         922        1035         951         957         718         366         394         474         221          57         101          89         545         564         606         559         521         445         505
         506         481         568         587         675         959         828         990         865        1060         878         734         412         629         539         297         291         120         380         604         450         611         516         353         601
         560         557         407         664         655         676         748         816         696         843        1050         861         805         649         644         286         216         210         235         594         427         473         434         568         687
         516         370         337         481         665         848         816         927         736         873         910         949         976         808         776         683         267         273         397         478         290         379         357         340         497
         336         349         339         410         366         464         678         946         995         745         881        1049        1111        1157         959         908         415         441         446         518         363         177         466         525         702
         339         534         377         585         645         408         609         871         984         667         715         960        1017         903         768         840         815         507         319         305         446         113         419         651         793
         140         229         219         238         514         644         610         877         884         928         849         731         757         787         941         954         842         690         543         342         554         222         165         299         543
         110         117         160          33         112         564         539         702         646         587         617         765         874        1005         880         939         935         827         618         522         586         394         349         294         295
          11         200         183         241          12         372         504         748         638         416         558         840         948         859        1046         802         694         615         650         465         543         576         540         394         412
         196          91         307         272         118         221         409         486         718         604         564         745        1041         873         816         666         841         696         818         799         677         616         512         254         439
         326         194          57         248         306          73         115         397         434         441         334         582         645         642         800         688         702         765         883         934         849         834         786         409         379
         522         435          92         347         226         307         315         508         464         496         519         488         380         613         568         799         888         777         802         670         946         699         714         562         469
         718         565         328         397         365         234         307         237         203         266         401         409         430         585         444         609         729         925         983         970         787         855         779         558         362
         827         751         705         747         562         359         377         397         194         337         343         474         420         593         323         448         707         659         666         715         854        1043         721         471         226
         712         886         771         603         515         291         193         373         317         425         215         247         344         491         413         297         456         594         472         597         626         851         776         762         586
         745         994         766         554         623         317          93          35         100         163         309         391         348         469         615         509         433         615         634         576         724         691         699         683         764
         872         807         797         777         630         326          19           4          46         102         148         317         528         414         593         680         418         688         603         540         686         616         755         570         535
         843         837         667         629         760         462         197         243         342         281         358         444         489         456         457         683         368         473         566         667         739         659         670         652         397
         768         748         555         629         757         578         567         370         345         321         286         179         203         165         170         353         169         347         503         391         612         628         480         703         600
         656         589         437         376         675         490         328         517         270         221         156         200         398         127         187         273         382         167         136         127         554         766         707         576         614
         750         553         611         451         695         452         512         616         598         242         380         445         604         422         339         181         216          61         280         370         352         711         662         467         477
         718         821         842         799         662         647         594         660         773         683         403         340         666         731         415         268          73         201          50         156         419         454         386         390         493
         876         901         877        1037         784         812         713         693         563         587         490         488         572         502         380         433         125         119         248         169         160         138         144          74         462
         864         721         655         906         883         677         643         502         457         452         301         509         468         651         555         688         517         378         227         134         266          69          42         162         304
         815         584         658         885         864         737         638         487         370         571         505         530         349         463         674         857         871         597         563         266         148          77          35          75         192
        1011         909         815         877         684         764         538         705         691         453         458         414         551         353         547         617         698         540         630         299          89         135         172         117          76
        1208        1212         841         899         676         674         648         710         607         440         634         489         414         446         559         529         534         424         601         609         518         250         382         327          20
        1219        1350        1129        1128         995         969         780         883         633         702         542         358         381         451         408         298         490         408         486         514         330         336         217          92         212
        1043        1318        1062        1017         809         866        1016         756         566         789         693         445         422         497         603         620         644         679         518         602         532         471         284          86          36
         904         996        1010        1042         793         958         891         917         573         870         669         646         565         728         670         701         533         465         423         681         683         394         287         161         234
        1083         983        1123         899         749         784         696         622         507         719         762         692         782         714         518         419         400         351         216         452         488         529         294         388         414
